Cluster ID,Link Score,source file,Id,name
20,0.9990989,0,1,中国
9,0.9990989,0,2,中国人
6,0.9990989,0,3,中国的
5,0.9990989,0,4,在中国的
4,0.9990989,0,5,是中国的
3,0.9990989,0,6,中国
2,0.9990989,0,7,韩国
1,0.9990989,0,8,韩国的
0,0.9990989,0,9,日本的
19,0.9990989,0,10,在韩国的
18,0.9990989,0,11,在日本的
17,0.9990989,0,12,中华民族的
16,0.9990989,0,13,中华人民共和国的
15,0.9990989,0,14,中华人民共和国
14,0.9990989,0,15,中华民族的
13,0.9990989,0,16,中华人
12,0.9990989,0,17,中华
11,0.9990989,0,18,中华的
10,0.9990989,0,19,中华民族的
8,0.9990989,0,20,澳门
7,0.9990989,0,21,澳门的
20,0.9990989,1,1,中国
9,0.9990989,1,2,中国人
6,0.9990989,1,3,中国的
5,0.9990989,1,4,在中国的
4,0.9990989,1,5,是中国的
3,0.9990989,1,6,中国
2,0.9990989,1,7,韩国
1,0.9990989,1,8,韩国的
0,0.9990989,1,9,日本的
19,0.9990989,1,10,在韩国的
18,0.9990989,1,11,在日本的
17,0.9990989,1,12,中华民族的
16,0.9990989,1,13,中华人民共和国的
15,0.9990989,1,14,中华人民共和国
14,0.9990989,1,15,中华民族的
13,0.9990989,1,16,中华人
12,0.9990989,1,17,中华
11,0.9990989,1,18,中华的
10,0.9990989,1,19,中华民族的
8,0.9990989,1,20,澳门
7,0.9990989,1,21,澳门的
